63
9
630 877
555 997
1075 1410
939 1401
588 991
1418 1439
421 1378
357 448
99 1168
2
785 1107
1083 1311
6
681 1435
141 643
1165 1235
560 1081
1405 1432
49 382
3
1404 1417
554 787
966 1120
5
1060 1433
1036 1055
880 1222
1299 1433
773 989
5
1032 1264
1281 1397
1382 1410
568 1361
480 1066
5
466 858
1333 1351
1113 1209
1337 1412
1363 1386
5
111 432
979 1028
469 1345
880 1181
1063 1280
2
1280 1357
443 672
8
1097 1164
619 1245
346 610
310 694
866 1063
1055 1292
574 1143
702 1423
5
989 1321
432 835
24 469
1222 1309
764 1176
9
1084 1280
203 707
279 925
891 1412
633 826
170 1419
329 1350
34 543
1082 1406
10
876 1036
459 965
1098 1198
986 1295
529 536
994 1347
1087 1271
685 1283
1404 1421
1181 1276
8
439 1126
1053 1371
518 1398
1271 1293
1178 1429
412 1230
394 409
159 171
8
1158 1253
1139 1384
1322 1325
1029 1067
768 1000
58 79
1174 1415
690 985
6
1152 1293
879 1105
92 247
1305 1359
546 584
1207 1348
6
886 932
713 818
396 1054
105 629
869 906
1274 1428
8
1439 1440
628 1138
1241 1353
1303 1305
1235 1413
571 993
587 709
872 1139
6
15 994
1383 1388
850 1352
635 862
413 1384
94 1436
7
664 709
276 996
34 473
73 1256
1208 1416
152 978
202 212
5
1043 1280
1157 1366
299 658
927 1152
1041 1251
8
689 1421
728 1081
1057 1369
1353 1357
406 611
987 1151
1072 1191
1075 1300
10
533 853
89 169
907 1151
41 192
708 1232
206 340
887 1156
431 1127
541 1122
1390 1439
8
1156 1213
1163 1192
953 1272
267 1006
132 195
1425 1431
139 1155
657 798
3
1013 1353
38 1189
36 846
2
1077 1377
957 1136
9
1095 1235
1034 1356
39 153
76 195
565 834
297 1083
534 1235
1107 1320
1337 1381
2
33 627
945 1146
4
741 1159
1192 1302
341 473
504 1027
10
386 759
946 1275
718 1021
587 904
682 992
491 612
1418 1433
1433 1436
1257 1268
921 1011
6
550 919
1203 1365
829 1033
31 59
1265 1431
1005 1114
2
1368 1404
280 1341
8
974 1239
251 424
470 1078
39 1035
781 1423
953 1133
141 1355
481 590
2
763 945
80 278
5
481 1358
1388 1418
1392 1408
738 1059
1034 1336
7
65 115
1033 1383
909 1086
143 144
1249 1405
1397 1431
296 1122
9
567 1431
891 1000
1263 1353
1115 1259
404 764
265 1304
51 373
797 1078
852 1092
9
1270 1317
361 841
214 1284
886 1034
1184 1322
195 1028
813 1087
1119 1164
98 354
5
96 1364
685 974
666 940
466 479
106 1378
5
565 870
730 786
1424 1428
464 528
550 1102
9
603 1423
631 1070
946 1154
254 771
454 1210
1003 1152
655 1003
1093 1163
1196 1416
4
739 878
1369 1387
24 1099
216 315
4
429 1317
237 695
1289 1349
1138 1157
10
734 840
1294 1335
710 1026
361 427
675 753
620 1254
239 379
486 972
1411 1412
666 1254
9
459 487
1066 1156
618 760
1033 1278
726 985
410 459
967 1007
860 952
810 1420
6
63 1398
609 1043
1327 1425
660 1143
1021 1090
233 520
10
688 1121
564 955
1009 1337
95 1183
104 1407
241 1251
1176 1178
600 951
557 1276
998 1145
4
387 903
1294 1315
1102 1243
615 702
10
78 199
1239 1382
0 669
910 912
266 1094
1002 1294
13 136
582 1235
218 1395
543 559
3
383 1164
1364 1377
1025 1198
7
952 1073
1347 1422
572 794
32 1128
617 836
1367 1406
883 1154
8
85 400
2 600
1175 1265
1062 1100
1099 1380
1347 1425
1069 1198
415 763
4
889 1017
519 658
446 686
351 734
6
428 1332
889 1036
1196 1350
825 1094
1131 1426
1302 1389
5
686 1360
957 1063
855 1094
651 697
224 818
9
1315 1353
1032 1065
1174 1396
418 1145
916 1040
516 636
409 1048
1213 1228
753 1017
9
1437 1440
347 967
1046 1231
1251 1364
660 734
127 763
1079 1120
408 526
803 908
6
482 1163
161 496
398 476
774 1290
150 808
503 920
7
167 797
815 944
562 722
883 1103
1060 1388
720 1381
1303 1400
10
15 947
294 859
729 887
941 1040
214 873
43 1031
1012 1178
1347 1350
998 1140
652 932
5
525 1353
868 1237
138 475
376 853
816 1165
3
799 1402
1320 1413
1345 1412
5
1352 1355
932 1311
512 1432
1059 1100
447 799
