20
7
960 1326
1051 1114
812 1153
247 930
250 481
585 969
762 1025
9
501 504
139 330
655 735
884 888
448 1217
1249 1388
1193 1275
1305 1422
1152 1423
4
614 804
211 264
1123 1246
244 1009
10
1131 1135
258 1230
990 1065
631 808
383 590
233 1341
51 720
99 376
1334 1361
177 1086
3
1304 1324
951 1131
714 877
7
25 689
372 942
397 698
1170 1242
929 1413
391 1142
959 1084
9
1437 1438
1131 1408
289 662
1242 1427
59 181
338 1065
581 782
120 1161
1421 1427
3
1092 1364
992 1260
78 387
9
237 866
886 1234
1420 1422
42 1033
1430 1438
1340 1378
317 584
428 773
917 1149
8
1169 1251
1220 1309
196 1421
494 786
1227 1275
1248 1392
722 843
501 624
6
506 517
1170 1308
542 927
1324 1430
584 982
123 1395
4
914 1211
654 733
1302 1437
1066 1420
5
1083 1345
487 590
625 801
1003 1095
980 1395
7
701 1005
130 660
113 809
1395 1433
77 736
734 1120
608 705
3
143 588
535 1127
1353 1427
8
1288 1292
979 1332
649 1224
528 1337
942 1263
710 848
1052 1167
186 223
7
1091 1353
1139 1357
551 974
1380 1430
525 851
719 1057
1363 1375
10
288 872
202 371
259 769
461 1434
586 1271
1351 1385
987 1290
1150 1223
283 622
1430 1434
8
868 1216
1285 1332
1389 1440
1184 1334
1360 1432
642 874
1049 1094
1185 1201
8
380 1162
401 932
1296 1400
273 1188
547 1342
63 1299
863 906
834 1331
